-11.95
2.19
10.65
10.4
4.32
1.47
8.12
16.44
18.24
10.61
-3.46
-13.92
-18.8
-22.55
-23.75
-21.54
-16.02
-5.92
5.02
12.83
20.35
23.53
18.92
14
11.19
8.39
2.52
-7.09
-15.01
-17.35
-12.76
-5.59
2.72
7.39
5.89
6.02
10.3
15.46
9.39
-2.64
-4.84
-0.18
6.43
6.54
-1.21
-10.88
-16.51
-13.41
-8.59
-6.77
-7.04
-6.93
-2.74
4.72
12.02
17.32
22.9
27.8
28.88
25.98
15.52
0.75
-7.71
-13.86
-23.79
-30.66
-33.83
-37.12
-35.38
-23.98
-2.45
24.06
41.83
47.13
43.35
20.68
-4.62
-3.01
8.98
6.82
-11.02
-27.92
-29.71
-21.12
-8.25
-2.62
-8.31
-15.13
-13.75
2.01
21.01
24.19
13.47
6.58
13.62
22.9
18.01
2.09
-14.18
-20.93
-15.02
-4.99
-0.59
-3.81
-9.86
-11.68
-4.23
5.02
6.25
-1.34
-9.41
-8.18
-0.99
6.36
13.93
20.4
23.28
18.66
-2.66
-25.17
-29.35
-25.11
-16.05
-7.01
-4
-0.88
6
15
19.59
14.45
1.45
-7.15
-7.16
-0.28
7.79
5.85
-6.07
-20.03
-25.38
-22.77
-14.88
-0.56
9.72
12.67
14.77
17.39
19.61
20.91
17.02
9.62
6.86
8.1
5.93
-1.17
-11.64
-24.15
-32.68
-34.73
-33.96
-28.54
-14.42
5
23.65
34.69
35.65
31.68
21.6
9.48
4.34
4.56
7.07
7.42
5.22
0.61
-12.74
-27.98
-34.4
-32.22
-26.5
-22.79
-18.49
-7.78
6.04
23.04
40.95
47.23
43.3
33.1
18.07
3.95
-10.05
-23.74
-34.1
-39.98
-40.96
-25.89
-2.3
7.49
7.68
6.04
11.65
24.59
32.02
28.83
14.08
-1.48
-5.67
-1.85
-5.09
-15.73
-19.7
-11.61
3.47
12.59
7.48
-7.86
-22.26
-23.17
-2.18
17.11
14.72
8.66
4.16
1.59
4.76
4.58
-7.12
-19.81
-16.52
-4.8
5.09
8.93
3.58
-0.37
2.42
3.87
1.73
-4.53
-10.84
-10.67
-7.67
-2.67
2.79
9.64
18.32
22.69
26.77
30.56
25.46
11.48
-3.64
-13.86
-19.57
-26.05
-34.55
-39.04
-29.48
-6.49
8.8
8.07
0.3
-6.85
-7.35
-4.09
2.79
7.89
13.18
25.68
38.97
42.9
27.91
9.67
-11.29
-30.58
-23.47
-4.58
4.52
-8.34
-25.57
-26.65
-19.81
-6
7.71
16.96
25.45
31.19
31.78
21.63
1.13
-15.34
-25.32
-34.22
-36.58
-36.24
-33.54
-20.57
-1.97
9.89
15.84
23.83
28.4
23.45
11.4
3.5
4.09
14.31
23.02
-1.94
-35.36
-40.31
-39.15
-36.3
-19.81
2.65
21.01
33.41
36.43
18.75
-1.8
-5.83
-2.44
5.19
12.1
8.51
-8.64
-25.42
-27.66
-25.73
-21.8
-7.76
6.51
13.87
20.16
23.72
20.1
10.6
5.51
9.99
10.97
1.24
-11.35
-15.48
-14.31
-13.58
-8.97
-3.37
4.66
18.02
26.99
23.94
18.36
23.4
30.71
29.03
10.02
-19.38
-36.81
-43.29
-44.08
-37.16
-22.34
-3.55
16.15
29.94
30.72
27
15.39
1.8
-0.78
3.68
10.41
14.28
13.91
9.77
7.6
9.78
10.79
5.11
-3.78
-8.08
-13.84
-17.69
-14.35
-11.24
-8.75
-4.92
6.39
22.14
27.78
20.65
-2.52
-25.36
-29.39
-26.81
-18.56
-7.23
-4.76
-8.97
-15.25
-12.38
7.3
30.3
34.03
14.54
-4.01
-11.04
-18.37
-24.9
-25.9
-14.35
6.76
16.78
14.14
5.07
-4.41
-5.18
-0.66
1.99
-0.33
-4.24
0.47
17.33
31.96
30.75
11.42
-12.05
-20.99
-21.14
-21.3
-19.54
-11.77
-0.48
4.29
0.92
-4.44
-5.1
2.89
19.8
31.33
27.17
12.39
-7.21
-22.39
-27.19
-19.19
-9.42
-9.14
-11.92
-12.35
-10.66
-7.5
0.18
9.9
16.44
22.7
32
38.26
30.58
11.92
0.83
-0.82
-9.33
-22.87
-37.71
-46.07
-37.26
-27.09
-21.96
-12.94
-4.37
-6.93
-16.18
-10.19
16.57
42.28
51.11
44.83
29.04
14.74
7.74
1.72
-4.03
-5.72
-6.58
-9.69
-13.28
-14.46
-15.21
-16.85
-14.18
-7.98
-3.82
-0.27
9.75
18.64
21
24.45
30.94
36.51
22.95
1.16
-11.44
-26.98
-32.04
-18.63
-6.39
-6.77
-15.06
-23.69
-29.25
-29.15
-24.08
-9.46
6.95
13.96
17.38
18.52
18.15
21.82
33.05
41.05
33.85
20.63
4.78
-8.68
-10.31
-5.89
0.73
3.01
-5.1
-16.72
-18.89
-10.55
-4.19
-3.81
-11.2
-18.92
-12.08
3.64
15.96
24.34
26.68
18.93
11.36
11.25
8.26
-5.9
-22.91
-18.23
5.75
21.32
18.87
-5.63
-30.48
-29.71
-13.85
0.76
4.03
-0.96
-10.03
-16.94
-12.3
-4.01
-2.04
-3.21
-0.83
6.02
13.26
19.46
26.01
19.5
1.23
-4.67
1.85
-7.25
-26.09
-30.34
-28.56
-5.26
24
23.72
9.96
-13.82
-35.65
-28.42
7.14
33.99
33.69
23.66
8.24
0.29
7.58
22.93
34.26
23.5
5.62
-3.26
-17.17
-32.94
-38.04
-33.07
-19.79
-7.77
-2.87
-3.99
-12.71
-22.08
-22.83
-13.04
4.18
22.15
35.62
44.89
49.07
44.27
23.24
-3.02
-16.3
-34.19
-50.74
-46.22
-34.49
-20.23
-7.91
3.49
16.04
20.51
13.71
1.38
-3.7
2.42
19.79
34.91
30.89
13.2
-5.73
-13.98
-14.58
-25.78
-43.02
-52.92
-54.63
-36.51
-5.39
13.62
18.65
19.54
25.45
37.4
45.65
41.55
22.3
7.16
19.79
34.42
29.62
18.27
-1.01
-18.96
-28.22
-28.68
-20.08
-22.3
-27.31
-16.73
4.88
27.77
29.08
12.01
-3.67
-18.17
-23.9
-20.14
-15.61
-8.94
-0.8
6.9
6.94
-12.07
-30.4
-30.27
-24.4
-5.25
20.9
31.72
35.44
38.47
39.15
39.53
35.51
28.87
21.4
1.74
-15.84
-25.01
-40.33
-49.01
-45.88
-28.78
-0.23
20.8
28.48
19.36
0.33
-9.79
-6.38
2.37
11.61
15.4
4.63
-10.23
-14.64
-11.07
-3.55
5.31
5.76
-7.68
-20.15
-17.09
-0.68
12.54
12.02
4.6
-8.15
-15.33
-9.1
-1.51
2.13
1.78
2.01
4.45
8.89
14.83
16.61
11.92
-0.48
-11.3
-8.92
6.43
24.16
26.57
9.95
-12.04
-26.58
-31.25
-28.41
-18.52
-7.85
-6.64
-13.28
-17.02
-7.38
11.28
21.36
20.28
15.11
6.76
-7.03
-19.07
-26.14
-32.19
-25.43
-6.32
11.65
18.83
15.89
13.27
22.41
40.2
48.89
48.64
28.66
4.97
5.21
10.78
15.56
17.6
14.6
-6.97
-35.69
-41.78
-38.85
-35.6
-46.31
-63.81
-64.06
-44.95
-0.53
51.2
74.53
63.15
48.03
39.65
35.54
34.94
20.41
-9.16
-44.67
-66.81
-65.72
-46.25
-21.6
-12.8
-8.96
-0.01
11.06
21.61
25.77
26.45
24.04
17.02
8.43
5.56
7.59
4.72
-3.83
-12.79
-17.82
-15.11
-8.07
-5.92
-5.74
-0.56
9.88
16.35
15.6
13.53
-3.56
-25.32
-30.61
-26.27
-12.47
4.65
22.65
34.48
28.37
9.64
-15.22
-30.09
-33.6
-35.64
-34.59
-30.21
-20.71
4.03
32.75
44.19
45.35
33.69
24.22
39.11
50.87
37.81
13.61
-2.17
-13.63
-23.58
-27.29
-25.93
-18.55
-9.71
1.45
8.67
4.59
-2.88
1.8
10.95
0.2
-18.15
-31.14
-41.19
-41.19
-25.82
-6.27
0.52
-5.71
-12.8
-10.97
2.49
26.65
40.16
29.45
2.15
-22.36
-19.75
2.12
32.18
52.74
53.88
50.73
44.87
32.15
9.2
-19.94
-51.77
-58.96
-41.68
-43.81
-53.69
-56.5
-50.6
-29.68
6.06
45.26
61.35
61.14
43.32
16.09
15.76
36.9
53.18
41.43
3.53
-29.77
-37.16
-24.17
-11.28
-16.98
-37.41
-53.71
-54.33
-37.68
-27.73
-32.3
-16
38.75
88.67
90.59
59.1
23.09
6.6
6.68
3.81
-3.02
-11.76
-20.41
-30.63
-42.55
-52.29
-55.68
-47.54
-25.51
-0.08
17.2
31.71
44.54
52.85
56.38
43.14
8.27
-16.82
-13.39
0.9
5.66
-16.88
-46.03
-45.62
-24.72
-1.25
18.49
25.07
15.14
-8.59
-21.31
-6.34
15.63
39.97
57.47
45.46
7.69
-31.75
-51.26
-57.94
-57.36
-43.02
-24.42
-14.55
-5.65
14.19
39.45
56.88
61.36
57.02
25.08
-21.07
-36.31
-28.59
-12.65
2.62
9.95
15.48
9.81
-4.09
-11.91
-15.62
-14.11
-2.52
8
7.95
3.3
-1.75
0.01
14.24
39.24
56.11
38.35
-1.37
-47.5
-85.07
-90.74
-67.12
-17.77
33.09
67.37
83.27
58.17
9.14
-27.35
-41.31
-38.6
-21.17
11.17
30.34
27.98
18.06
3.65
-10.78
-24.86
-30.11
-25.52
-17.99
-3.62
10.9
19.27
23.29
23.77
22.87
20.08
13.28
4.06
-6.25
-18.15
-32.67
-45.83
-48.25
-42.72
-21.13
22.14
51.79
50.33
30.14
9.05
2.14
7.38
23.41
37.21
36.06
28.11
12.39
-16.58
-42.86
-48.4
-40.7
-31.47
-20.33
-4.59
7.5
5.67
-0.59
-4.69
-7.34
-2.06
18.56
50.46
66.33
46.96
0.67
-41.14
-50.53
-45.85
-40.37
-17.84
3.23
5.39
5.76
5.86
2
-1.68
-5.71
-6.69
-0.47
9.63
16.51
24.17
35.85
41.89
41.29
31.84
4.92
-27.27
-48.68
-55.96
-52.09
-41.04
-30.17
-24.74
-19.21
-8.58
17.02
46.67
58.62
51.15
30.58
14.04
5.24
-2.62
-12.87
-22.2
-25.07
-27.9
-31.63
-33.24
-23.15
7.9
43.64
65.01
66.94
43.52
9.11
-4.06
8.86
22.07
9.68
-18.08
-36.25
-41.24
-41.19
-38.95
-29.6
-16.94
-10.47
-9.27
-17.32
-43.76
-64.89
-64.81
-39.36
23.45
75.9
82.32
65.27
39.61
16.62
4.45
4.36
9.43
10.76
6.64
-4.04
-11.78
-12.94
-16.85
-22.92
-20.38
-0.72
19.93
23.7
16.49
2.96
-11.34
-12.42
6.15
25.33
22.4
-1.39
-26.29
-35.82
-35.13
-23.43
4.31
26.22
31.39
28.63
15.95
3.13
-0.39
0.43
2.58
0.22
-6.41
-13.85
-18.49
-17.84
-11.78
0.98
16.28
25.53
21.9
12.6
10.09
16.45
25.84
20.2
-4.54
-21.56
-24.42
-25.6
-26.9
-32.29
-38.32
-32.64
-8.8
19.7
29.9
21.83
10.97
9.31
17.46
24.15
18.24
-3
-21.82
-11.83
12.77
22.68
16.96
-5.57
-29.49
-36.08
-33.97
-21.37
-6.53
-7.83
-15.65
-9.06
6.11
11.21
11.32
12.03
15.66
20.2
19.63
18.93
13.81
0.38
-14.94
-21.05
-12.9
-2.42
4.46
9.53
10.97
5.34
-7.49
-14.94
-6.37
13.28
25.03
22.98
16.9
4.1
-13.03
-27.03
-31.72
-22.65
1.28
34.36
50.69
32.87
-6.16
-29.7
-24.38
-5.35
12.99
15.76
8.82
-2.98
-18.75
-28.35
-29.41
-23.26
-16.74
-12.84
-10.91
-8.98
-0.32
17.22
34.99
39.58
31.47
21.72
18.04
18.7
16.63
9.93
-0.79
-12.66
-23.89
-32.85
-38.47
-39.69
-25.93
-4
9.18
14.75
15.79
15.47
15.18
11
1.64
-4.29
1.03
15.69
26.24
16.39
-2.86
-18.87
-30.42
-30.17
-18.52
1.15
17.97
21.26
9.61
-14.67
-27.85
-19.19
-1.36
18.46
33.41
36.7
17.47
-5.76
-8.06
-1.67
3.73
-0.79
-13.58
-24.44
-32.65
-27.33
-9.84
4.22
7.71
6.44
9.72
11.59
5.19
-3.96
-2
14.27
25.55
22.42
13.03
1.59
-13.47
-25.12
-28
-33.02
-39.56
-41.09
-36.68
-20.5
1.57
11.47
9.49
11.83
23.64
41.3
52.56
49.99
40.15
19.39
-5.68
-14.67
-13.07
-15.8
-20.89
-22.6
-23.08
-23.38
-23.25
-25.72
-28.51
-21.25
12.96
55.63
76.4
75.37
45.03
7.94
-6.03
-12.96
-24.03
-35.74
-40.53
-36.01
-22.29
-3.7
9.35
22.13
30.8
29.56
20.13
-5.59
-27.48
-23.59
-4.4
17.38
26.89
19.64
7.09
-2.35
-5.93
-6.49
-6.4
-7.44
-9.59
-10.77
-10.67
-6.76
-1.88
-1.77
-5.77
-6.68
-0.33
3.48
-0.01
-3.75
-1.35
-1.13
-8.3
-8.4
-1.12
9.11
21.6
30.41
31.52
24.27
12.58
-5.73
-20.59
-21.36
-11.93
2.37
11.54
9.99
-12.2
-40.63
-49.18
-43.28
-24.47
-1.69
8.79
8.41
3.66
2.17
-0.1
-6.35
-3.48
11.9
27.07
31.46
26.17
21.79
22.09
19.29
4.86
-19.58
-33.15
-24.85
-12.18
-6.95
-4.58
2.47
12.62
19.96
28.06
32.76
27.47
14.76
-8.01
-31.12
-37.2
-29.65
-16.92
-2.66
6.8
10.03
9.23
1.67
-12.47
-24.84
-27.76
-21.69
-12.22
1.95
17.93
24.89
23.92
20.89
16.01
10.86
7.19
1.72
-4.45
-7.97
-9.21
-2.43
6.84
7.46
4.34
-0.04
-5.57
-6.05
-1.51
0.95
-3.43
-8.3
-6.26
-2.98
-3.55
-4.37
-0.51
6.96
10.73
7.98
1.68
-1.43
-0.6
-0.07
0.19
-0.28
2.77
8.01
5.63
0.34
0.11
2.13
4.65
8.67
14.03
16.59
9.38
-1.03
-5.19
-6.95
-8.87
-14.03
-20.59
-18.49
-9.51
-1.65
5.4
16.11
27.45
27.14
9.39
-10.08
-15.54
-9.19
3.02
7.28
-7.96
-28.76
-39.24
-37.87
-22.9
-2.89
4.62
3.25
7.19
11.92
9.27
4.49
9.68
28.67
41.49
33.67
12.4
-12.78
-27.6
-31.53
-35.04
-31.58
-15.69
4.82
18.1
22.2
23.78
17.37
0.75
-14.78
-19.73
-14.59
-4.16
10.41
18.34
5.16
-17.26
-31.81
-40.85
-48.33
-45.67
-13.77
27.52
39.8
30.85
20.94
24.11
38.15
49.63
51.72
38.74
18.43
-3.43
-25.51
-39.91
-43.45
-41.24
-36.06
-21.28
-2.88
6.08
4.59
-3.1
-5.36
2.07
13.64
30.96
38.97
20.49
-5.36
-12.7
-6.92
-1.42
9.84
16.12
3.55
-6.87
-8.05
-11.55
-17.25
-22.48
-22.65
-16.56
-8.28
3.54
17.55
25.31
26.65
25.04
19.72
13.1
7.08
3.99
1.92
0.13
-5.44
-23.53
-45.32
-56.79
-39.71
-4.36
20.18
37.34
42.62
34.13
25.4
20.2
19.58
20.66
13.35
-4.03
-15.16
-17.25
-18.15
-20.6
-25.66
-30.32
-33.81
-35.68
-35.01
-24.57
-6.47
8.76
27.42
47.37
55.12
49.29
38.01
29.27
25.92
20.09
0.15
-21.68
-34.64
-42.57
-42.31
-31.82
-12.55
-2.02
-7.91
-15.22
-18.36
-14.48
-0.65
20.36
35.19
35.28
32.29
29.59
24.92
15.26
-6.64
-23.24
-24.27
-23.93
-27.56
-33.97
-34.89
-24.99
-5.24
14.58
20
16.04
13.91
18.82
27.3
29.76
25.51
18.9
8.53
-5.16
-17.39
-29.51
-36.25
-33.24
-21.61
1.87
19.14
15.36
0.82
-12.57
-10.78
5.13
21.16
29.12
29.39
26.8
22.45
16.39
6.35
-4.97
-18.57
-30.03
-24.94
-13.67
-11.59
-19.4
-27.49
-24.45
-13.01
1.4
14.82
20.04
12.23
-1.1
-8.19
-7.13
-0.94
3.64
3.51
2.27
3.41
2.16
-4.7
-8.35
-4.18
7.43
20.41
27.9
29.41
23.64
12.73
1.74
-10.17
-24.85
-31.67
-24.34
-10.54
1.24
4.78
0.74
-3.26
-0.25
8.3
11.96
5.07
-2.58
-2.79
4.36
14.16
16.21
9.36
-0.62
-10.78
-20.01
-24.23
-21.41
-13.22
1.88
20.4
33.18
26.03
1.33
-17.21
-18.09
-2.97
11.46
13.6
9.22
-1.54
-9.51
-10.71
-11.15
-12.54
-21.57
-27.38
-13.05
10.86
25.16
28.4
23.5
11.31
0.26
-0.48
9.82
15.48
6.72
-11.33
-24.65
-21.1
-12.43
-5.79
-1.99
-4.75
-4.37
1.25
1.39
-7.36
-12.09
-2.72
14.73
30.04
35.26
27.22
6.5
-13.24
-15.85
-7.49
-6.65
-20.98
-33.19
-31.16
-19.97
3.99
27.57
32.15
24.42
14.92
13.29
18.39
18.05
9.13
-1.81
-5.64
-9.13
-25.28
-38.59
-33.44
-19.25
-3.71
9.38
13.29
8.76
1.9
0.74
22.95
46.48
31.49
3.62
-11.94
-18.29
-16.23
-14.22
-12.65
-10.02
-8.2
-9.33
-14.63
-15.12
-7.78
-4.33
-6.41
-4.63
3.89
12.76
15.99
17.7
20.07
20.9
17.31
12.99
13.56
13.56
11.79
7.97
-1.81
-18.21
-38.7
-52.7
-52.38
-40.25
-22.99
-7.86
3.08
12.4
22.18
31.99
34.94
27.39
16.42
10.38
12.1
15.86
13.56
3.35
-9.55
-19.1
-21.69
-19.59
-22.42
-28.1
-31.49
-31.61
-20.31
1.82
28.74
44.46
38.99
26.4
5.11
-16.57
-18.77
-10.96
1.29
12.71
14.48
12.59
7.32
2.49
1.28
-2.65
-9.9
-17.74
-18.15
-7.06
9.07
19.66
21.07
9.99
-12.04
-26.44
-28.42
-16.42
2.61
9.67
5.21
-4.09
-9.57
-5.6
7.43
20.74
23.76
22.87
19.2
5.44
-6.35
-3.4
2.79
-2.79
-18.96
-26.73
-16.85
1.94
18.28
20.26
8.58
-9.78
-21.17
-17.63
-12.41
-10.38
-7.27
-4.38
-4.26
-6.3
-7.42
-4.26
3.96
13.11
21.24
27.66
29.69
24.58
13.64
4.54
-0.67
-5.86
-12.12
-15.09
-12.36
-9.89
-6.93
-2.84
0.67
7.75
20.79
35.46
40.79
32.08
4.49
-20.66
-13.9
-2.11
-4.92
-10.3
-15.68
-19.59
-22.97
-25.6
-24.18
-18.59
-10.81
-1.75
8.64
17.51
23.3
24.06
19.87
17.5
20.94
23.91
15.13
1.81
-9.68
-27.58
-37.44
-26.76
-6.18
10.01
12.79
6.36
-1.36
-6.52
-8.33
-5.04
0.67
1.91
4.44
12.56
15.2
7.79
-3.84
-15.09
-22.41
-23.96
-15.87
-3.3
2.06
1.98
4.03
9.47
13.03
12.63
10.26
7.11
5.44
4.74
4.03
3.61
2.12
-1.38
-5.53
-7.41
-6.29
-2.92
3.59
9.27
9.27
5.71
1.01
-1.74
-0.01
2.96
1.52
-5.8
-11.81
-11.36
-5.72
0.5
-0.16
-6.47
-12.66
-16.91
-17.2
-11.74
-0.62
8.5
8.49
4.01
0.44
1.25
8.81
14.28
11.16
4.45
-2.05
-6.89
-9.15
-9.51
-6.36
3.85
14.55
17.02
11.41
0.84
-5.96
-7.62
-7.26
-6.37
-4.93
5.2
15.88
15
4.26
-9.22
-15.69
-17.81
-19.26
-16.5
-9.56
-1.21
9.16
16.14
11.68
3.7
-1.27
-2.6
-1.63
1.88
8.42
11.4
9.73
-0.55
-13.83
-16.67
-13.28
-7.09
-0.73
-0.4
-1.13
6.36
17.9
23.75
23.73
19.58
13.6
8.03
2.46
-2.9
-8.03
-12.44
-16.34
-19.85
-22.38
-23.07
-18.44
-7.79
2.41
6.41
4.71
0.7
-0.85
3.06
12.05
24.04
30.59
28.12
21.38
10.4
-0.69
-7.44
-13.34
-17.38
-17.79
-16.03
-9.1
0.56
4.21
3.47
3.21
2.83
2.13
1.1
-1.89
-6.04
-10.18
-12.86
-11.96
-9.78
-5.61
-2.23
-5.34
-12.47
-18.18
-17.07
-11.47
-4.12
5.41
13.71
18.76
20.58
24.36
35.05
41.26
33.15
19.6
7.47
-0.65
-3.79
-5.81
-7.3
-10.05
-16.15
-21.6
-20.26
-13.75
-9.53
-6.54
1.41
10.58
11.66
5.75
3.26
7.39
9.61
3.7
-7.84
-19.24
-23.28
-14.68
-2.65
-0.12
-5.06
-10.89
-13.57
-10.73
3.67
24.51
35.62
37.25
31.76
22.82
17.1
9.17
-1.97
-8.66
-9.31
-9.12
-10.88
-15.66
-23.09
-27.75
-27.75
-23.79
-15.33
-6.55
-0.47
4.33
6.34
5.63
9.93
15.15
7.81
0.22
6.69
11.76
2.54
-10.02
-17.27
-20
-16.45
-11.28
-2.48
11.97
25.29
36.72
39.48
30.35
13.84
-1.7
-9.35
-14.54
-18.29
-18.61
-17.86
-16.09
-14.02
-11.19
-0.99
9.63
6.45
-4.28
-11.86
-13.63
-11.75
-2.72
12.61
20.37
21.35
21.27
19.31
12.92
-1.45
-16.78
-23.75
-22.82
-19.85
-17.48
-14.48
-8.79
-2.22
2.29
6.16
10.45
16.46
22.14
22.15
13.6
1.05
-4.88
-3.63
-2
-2.82
-5.55
-8.04
-8.33
-6.55
-3.26
1.4
9.58
20.63
26.14
22.72
11.1
-1.53
-5.32
-4.87
-5.7
-8.23
-10.87
-9.57
-5.16
-4.31
-9.43
-12.35
-8.18
-0.66
5.73
8.39
8.05
5.22
0.7
-3.99
-8.14
-10.37
-9.99
-6.26
0.35
6.77
9.55
9.46
6.59
3.79
8.46
14.36
12.69
2.52
-7.83
-9.87
-10.3
-11.42
-12.54
-12.69
-5.58
5.36
13.27
17.76
19.55
20.02
18.21
12.08
2.73
-10.69
-20.1
-18.93
-16.18
-14.66
-11.5
-5.09
3.14
6.86
6.54
2.74
-3.17
-4.76
-2.28
7.83
21.55
28.33
29.17
22.38
10.52
-0.58
-7.97
-14.94
-23.87
-26.45
-24.28
-18.55
-7.22
4.58
10.82
9.48
7.41
7.26
5.64
0.66
-10
-17.66
-14.26
-6.32
8.09
20.28
19.39
15.8
6.2
-5.5
-11.26
-19.09
-27.13
-26.6
-13.37
3.07
10.83
8.69
4.54
7.22
16.24
21.71
16.21
6.95
-0.61
-5.39
-6.48
-6.46
-4.74
-2.18
-1.66
-4.08
-7.58
-11.47
-15.34
-15.89
-12.47
-6.81
0.7
9.1
16.43
23.73
27.26
19.37
5.87
-1.88
-6.09
-10.6
-12.27
-12.16
-12.81
-17.05
-24.32
-27.93
-25.32
-15.85
-0.46
13.91
19.95
19.75
18.73
16.08
10.73
4.68
1.6
0.85
-0.23
-1.89
-6.36
-13.34
-17.88
-15.87
-9.34
-3.61
0.09
2.43
4.48
8.11
12.85
16.49
18.8
19.75
18.26
15.43
12.41
9.04
5.24
0.37
-5.15
-9.4
-11.61
-11.48
-7.66
-3.05
-1.04
-0.97
-2.13
-5.4
-8.24
-6.86
-2.71
6.55
14.97
12.26
5.94
3.81
5.87
6.57
2.77
-1.12
-3.05
-3.23
-3.19
-3.17
-2.59
-2.55
-3.29
-4.69
-5.22
-3.62
0.22
7.42
11.92
9.52
5
1.04
0.53
2.09
2.36
2.11
0.77
-1.65
-3.28
-3.19
-3.44
-4.87
-6.61
-8.58
-10.06
-10.48
-9.64
-6.58
-0.31
7.51
13.17
10.62
1.4
-4.12
-4.33
-3.62
-4.59
-6.09
-6.07
-6.96
-5.32
1.39
4.11
-1.87
-10.7
-17.02
-15.65
-4.57
5.39
8.3
8.73
8.76
11.29
15.75
16.42
10.68
1.41
-4.78
-4.48
-2.66
-4.88
-8.88
-10.56
-7.42
1.17
11
16.19
15.65
12.67
9.62
6.62
3.6
1.07
-0.21
0.78
1.85
0.28
-2.04
-2.57
-0.92
2.1
4.64
4.05
0.08
-6.02
-13.7
-18.5
-16.49
-11.54
-8
-4.61
-0.17
2.67
2.62
2.48
2.73
3.17
6.86
11.16
11.45
9.83
6.94
2.59
-2
-7.5
-11.23
-11.49
-10
-6.53
-1.74
0.96
0.82
-0.27
-2.54
-4.93
-5.94
-7.05
-7.66
-4.28
2.73
8.97
12.19
12.48
8.68
2.36
-1.54
-2.69
-3.43
-4.14
-4.77
-6.46
-8.39
-8.74
-7.53
-3.8
-0.04
0.61
-0.14
-0.67
-1.73
-3.71
-5.3
-6.41
-6.56
-5.85
-5.15
-3.92
-2.29
-0.15
3.64
8.91
12.47
13.41
13.13
10.58
6.2
1.49
-3
-6.37
-7.78
-7.15
-4.92
-2.26
-3
-5.34
-5.01
-1.48
7.67
16.11
16.3
10.46
3.61
3.45
10.55
15.09
11.75
4.35
-2.71
-6.65
-6.67
-5.17
-3.11
1.08
4.94
4.4
2.79
4.64
10.16
14.92
14.43
9.92
4.18
1.06
0.9
0.25
-1.28
-3.53
-6.17
-8.34
-9.74
-10.35
-10.63
-10.1
-7.89
-2.12
3.92
4.65
3.19
2.22
2.44
3.55
3.7
1.56
-4.23
-7.61
-6.06
-2.42
3.25
8.05
11.67
12.97
9.43
4.21
0.29
-3.07
-6.76
-8.2
-6.81
-5.37
-5.26
-5.85
-6.16
-7.97
-10.66
-10.57
-8.85
-7.03
-2.38
4.41
8.97
8.55
3.43
-1.86
-3.97
-4.5
-4.79
-5.43
-7.19
-7.05
-4.84
-3.95
-1.11
4.16
7.78
6.48
0.65
-3.46
-4.08
-2.7
-0.16
2.2
4.63
7.72
8.65
3.98
-3.75
-9.83
-11.43
-8.96
-3.43
2.93
5.13
2.43
-0.65
0.77
4.93
6.27
3.85
2.47
4.95
6.55
6.21
6.23
6.24
6.13
5.11
1.95
-3.11
-9.89
-17.7
-21.11
-18.72
-14.82
-8.17
1.27
8.76
13.4
15.47
15.01
13.94
10.75
3.78
-3.39
-7.64
-8.99
-8.22
-6.36
-3.67
-0.33
2.36
3.17
1.97
-0.14
-2.95
-5.14
-4.75
0.42
9.25
13.19
9.62
1.24
-5.52
-5.31
-3.66
-2.19
-0.85
-0.43
-0.29
-1.84
-2.75
-1.78
3.08
8.22
5.98
0.28
-6.1
-10.14
-7.86
-3.93
-0.93
0.14
-0.6
-0.25
1.21
3.52
6.35
9.51
12.01
12.66
11.77
7.26
1.5
-0.87
-1.34
-0.46
1.83
3.47
2.47
-0.38
-2.32
-3.44
-3.97
-3.21
-2.02
-1.1
0.12
1.79
2.26
0.78
-0.8
-0.66
1.54
4.38
5.95
4.66
0.62
-2.28
-2.83
-2.9
-2.46
-1.29
0.29
1.38
1.78
1.49
0.5
0.57
1.24
1.27
1.21
1.15
1.1
1.04
-0.1
-3.18
-5.82
-6.26
-5.26
-3.34
-2.52
-4.09
-6.6
-6.45
-3.29
-1.52
-1.52
-0.82
1.19
3.52
4.65
3.74
0.17
-5.29
-7.25
-2.96
0.52
-0.8
-2.69
-1.98
-0.14
0.14
-1.2
-3.37
-5.72
-6.38
-3.76
0.98
5.76
8.04
6.68
4.64
3.19
1.78
0.3
-1.29
-3.07
-5.07
-5.68
-4.41
-0.27
4.08
3.93
2.45
1.82
0.94
0.42
0.44
0.45
2.01
4.36
2.85
-0.7
-2.88
-4.02
-4.19
-3.64
-2.17
-0.28
0.57
-0.93
-4.04
-4.98
-2.6
-0.59
0.22
1.28
1.63
1.62
1.5
0.98
-0.03
-1.76
-2.49
-0.52
3.87
5.91
3.77
1.37
0.28
2.2
4.89
5.1
4.97
4.81
4.38
3.04
-0.44
-4.55
-7.76
-9.41
-9.28
-6.67
-2.9
-0.96
-0.91
-1.25
0.34
4.93
9.36
10.87
9.05
4.25
-1.35
-5.09
-5.82
-4.71
-4.39
-5.1
-5.77
-5.3
-2.86
0
2.03
3.35
4.19
4.82
5.44
6.01
6.28
6.08
5.25
4.22
2.77
-0.39
-5.71
-10.06
-10.56
-9.44
-8.45
-7.16
-5.7
-2.58
5.19
12.33
13.92
13.53
9.44
4.61
3.59
2.71
1.47
0.03
-1.53
-2.62
-3.57
-4.21
-4.36
-3.7
-3.45
-5.06
-7.1
-6.34
-2.28
2.59
6.91
10.89
12.99
11.83
8.49
4.02
-0.71
-2.63
-1.06
-0.21
-1.47
-3.86
-5.09
-4.15
-3.81
-4.27
-4.63
-5.17
-5.36
-4.69
-3.23
-0.68
1.2
1.43
2.53
4.43
5.99
6.16
4.6
2
-1.69
-3.9
-3.1
-1.09
0.64
0.56
-0.92
-2.58
-4.49
-2.69
2.12
3.65
2.87
1.22
-1.25
-3.45
-4.92
-4.39
-2.36
-1.21
-2.01
-2.18
-0.19
2.14
2.98
2.38
0.74
-1.58
-2.41
-1.18
2.38
6.05
6.13
3.74
0.01
-3.73
-5.46
-5.37
-4.59
-3.7
-2.83
-2.18
-1.68
-1.15
-0.03
1.93
3.99
5.16
5.18
3.06
1.12
3.12
5.37
5.44
3.88
-0.45
-6.87
-12.56
-13.91
-11.77
-9.04
-6.22
-3.13
0.42
3.93
8.56
12.96
13.76
12.16
9.11
4.72
0.7
-1.87
-3.41
-5.02
-6.91
-8.97
-10.88
-11.73
-10.06
-5.94
-1.67
0.85
2.12
4.33
7.03
8.85
8.87
5.93
1.18
-2.88
-3.58
-1.44
-0.03
0.17
0.03
-0.99
-2.43
-3.58
-4.43
-3.79
-0.28
5.42
9.85
10.95
10.35
9.51
8.13
6.5
5.53
5.05
3.3
-1.75
-6.42
-7.54
-6.71
-4.47
-3.17
-3.22
-3.01
-2.15
-0.01
1.73
2.4
2.84
2.57
1.43
-0.91
-2.37
-0.5
1.97
2.67
1.33
-0.6
-0.79
0.86
3.29
2.98
-0.23
-2.63
-3.67
-4.04
-3.77
-2.87
-2
-0.4
1.91
2.4
0.93
-0.85
-2.34
-3.02
-2.44
-1.41
-1.02
-1.54
-2.19
-2.44
-2.14
-1.08
-0.01
0.86
1.78
2.65
3.35
3.5
3.36
3.25
2.87
2.26
1.53
0.69
-0.38
-2.43
-4.93
-5.35
-3.07
-0.46
0.61
-0.32
-1.63
-1.75
-1.13
-0.02
-0.3
-2.21
-3.7
-4.46
-2.7
1.34
3.98
4.32
3.95
3.55
3.4
3.42
2.58
1.34
0.74
0.5
0.2
-0.05
-0.02
0.31
0.63
0.8
0.58
-2
-5.79
-7.52
-8.41
-8.64
-6.62
-2.89
1.24
3.61
3.4
2.03
-0.05
-2.46
-3.37
-1.98
0.46
1.93
2.21
2.21
2.02
2.3
3.21
4.15
4.87
4.59
2.94
0.73
-0.4
-0.28
-0.29
-0.4
-0.5
0.01
1.73
3.61
4.41
3.25
1.1
-0.77
-1.49
-0.73
-0.26
-0.61
-2.02
-4.23
-5.95
-7.31
-6.41
-3.11
-0.5
1.31
2.46
2.57
2.54
2.48
2.27
2.1
1.42
-0.19
-1.69
-1.72
-1.08
-0.92
-0.79
-0.37
0.22
0.59
0.8
1.01
1.38
2.07
2.12
1.24
-0.73
-2.45
-2.53
-2.47
-2.42
-2.18
-2.07
-1.84
-1.56
-1.18
-0.8
-0.57
-0.52
-0.57
-0.92
-1.44
-0.99
1.12
2.85
3.24
2.96
1.93
2.68
4.72
4.69
3.33
1.9
0.82
1.1
2.33
3.5
4.43
3.74
1.22
-1.63
-3.58
-4.08
-4.27
-4.61
-5.09
-5.9
-5.81
-4.13
-1.53
0.85
2.01
1
-0.58
0.19
2.22
3.39
3.38
2.25
0.54
-1.34
-2.39
-2.29
-1.84
-1.29
-1.09
-0.76
0.64
2.94
4.85
5.05
3.65
1.78
0.6
0.12
-0.19
-0.6
-1.42
-2.39
-2.47
-0.92
0.6
0.29
-0.28
-0.02
0.17
0.24
0.19
0.06
-0.02
-0.53
-1
-0.18
1.61
3.29
4.51
5.51
5.93
5.68
5.45
4.5
2.06
-0.66
-3.35
-6.35
-8.45
-9.09
-7.3
-4
-1.81
-0.11
0.54
0.17
0
-0.44
-0.35
0.26
0.18
-0.27
-0.34
-0.23
-0.15
-0.85
-3.23
-6.29
-7.74
-5.84
-2.92
-1.33
-0.13
0.24
1.3
4.26
5.31
3
0.63
0.52
1.62
2.24
2.32
2.14
1.79
1.99
2.96
4.58
5.49
3.81
1.34
0.57
1.78
3.95
6.16
7.47
5.66
0.65
-5.79
-9.86
-9.3
-7.58
-6.41
-5.42
-5.04
-4.79
-4.53
-3.97
-3.11
-2.14
-0.81
0.75
2.3
3.87
5.48
6.85
7.67
7.73
6.86
5.17
3.13
1.12
-0.89
-2.78
-4.38
-5.2
-4.88
-4.11
-3.25
-2.27
-1.25
-0.22
0.88
1.94
3.74
6.48
7.59
5.69
2.03
-1.74
-4.57
-6.07
-6.1
-5.66
-5.22
-4.69
-4.26
-3.24
-1.39
0.67
2.71
4.23
4.9
4.56
3.61
2.88
2.25
1.56
0.79
-0.17
-1.13
-1.4
-0.64
0.38
1.44
2.51
2.82
1.76
-0.18
-3.82
-8.18
-9.06
-7.11
-5
-2.87
-1.09
0.56
1.6
1.81
2.19
2.72
2.87
0.92
-1.64
-1.61
0.17
2.76
4.45
4.28
3.79
3.38
2.68
1.43
0.32
-0.1
-0.8
-2.61
-3.41
-1.92
-0.56
0.16
0.44
0.17
-0.15
-0.2
0.27
0.8
1.38
1.65
1.49
1.38
0.76
-0.3
-1.11
-1.75
-3.04
-4.27
-4.02
-3.41
-3.31
-3.21
-2.76
-1.87
-0.43
1.36
2.4
2.8
2.95
2.39
1.09
-0.37
-1.14
-1.13
-0.81
-0.51
-0.29
-0.11
0.05
0.28
0.67
1.22
1.89
2.83
2.85
1.24
-0.42
-0.94
-0.5
0.13
0.73
1.01
0.97
0.79
0.05
-0.86
-1.57
-0.62
2.25
4.79
6.47
6.09
3.92
2.06
0.65
0.36
0.72
0.55
-0.03
-1.18
-2.67
-3.78
-3.76
-2.64
-1.45
-0.4
0.64
1.34
1.78
2.21
2.59
2.69
2.72
2.19
0.73
-1.04
-2.67
-3.61
-3.5
-1.72
-0.4
-1.09
-1.8
-2.67
-3.24
-2.78
-1.52
-0.24
-0.06
-0.01
-0.05
-0.08
0.44
0.87
0.51
-0.86
-1.37
-0.66
-1.74
-4.31
-4.66
-3.09
-1.92
-1.27
-0.93
0.75
5.02
7.26
5.62
3.29
0.21
-2.21
-2.3
-1.73
-0.94
-0.19
-0.43
-1.29
-1.81
-1.89
-1.53
-0.24
1.77
3.13
2.95
1.74
0.23
-0.93
-1.64
-2
-1.92
-1.66
-1.24
-0.55
-0.1
-0.14
-0.37
-0.52
-0.37
-0.01
0.22
0.41
0.63
1
1.49
1.9
2.18
2.37
3.36
4.49
3.63
1.68
0.07
-1.91
-3.15
-2.62
-1.93
-1.57
-1.27
-1.29
-1.87
-2.77
-3.14
-3.13
-2.7
-1.26
0.68
2.62
4.49
5.79
6.04
5.18
3.26
1
-0.88
-1.52
-1.27
-1.03
-0.75
-0.63
-0.68
-0.72
0.52
3.02
4.36
4.24
2.9
0.75
-0.44
-0.39
-0.21
-0.94
-2.64
-4.65
-5.89
-5.54
-4.2
-2.58
-1.43
-1
-1.63
-3.42
-4.89
-5.5
-4.46
-0.83
3.33
4.79
4.06
3.68
3.37
2.63
1.64
0.79
0.28
-0.31
-0.55
-0.44
-0.36
-0.23
-0.02
0.19
0.11
-0.26
-0.55
-0.35
0.28
1.23
2.61
3.48
3.72
3.87
3.73
3.49
2.32
0.46
-0.78
-1.11
-0.28
0.03
-0.86
-1.29
-1.25
-1.25
-1.23
-1.02
-0.56
-0.12
0.43
1.58
3.01
3.74
3.35
2.2
0.91
-0.54
-2.15
-3.74
-4.59
-3.81
-2.04
-0.23
0.93
1.52
2.13
2.6
2.86
2.94
2.8
2.34
1.14
-0.5
-0.89
0.16
1.08
1.47
1.18
-0.05
-1.48
-2.22
-2.04
-1.51
-0.97
-0.58
-0.38
-0.28
-0.63
-2.06
-4.57
-5.53
-4.12
-2.7
-1.88
-2.02
-2.76
-3.37
-3.26
-2.1
-0.93
-0.2
0.16
0.49
0.91
1.48
2.52
3.7
4.77
5.45
5.58
4.97
3.02
0.37
-2.75
-6.63
-8.68
-7.11
-3.57
-1.53
-1.86
-2.04
-1.92
-2
-1.37
0.29
2.19
3.24
2.85
1.29
0.12
0.71
2.23
2.22
0.43
-1.97
-4.4
-4.9
-3.31
-1.82
-0.86
-0.44
-0.46
-0.48
0.75
3.78
5.85
5.74
4.18
1.91
0.17
-0.12
0.63
0.93
0.76
0.37
-0.95
-3.92
-5.7
-4.46
-3.12
-1.82
-0.36
1.15
3.26
4.72
5.26
4.19
1.85
-0.06
-1.19
-1.61
-1.75
-1
0.72
2.67
4.86
6.16
6.56
6.32
5.25
4.24
3.44
2.8
2.2
1.88
1.94
1.94
1.69
0.54
-1.17
-2.43
-3.38
-4.2
-4.25
-3.44
-2.92
-2.9
-1.96
0.11
1.62
2.48
3.18
3.28
3.14
2.93
2.49
1.74
0.53
-0.8
-2.22
-3.92
-5.55
-6.37
-5.48
-3.27
-1.19
0.07
0.71
1.14
0.94
0.22
-0.4
-0.98
-1.26
-1.33
-1.42
-1.67
-2.22
-2.83
-3.44
-3.57
-3.05
-2.47
-1.72
-0.64
0.41
1.47
2.22
2.54
2.86